model:
  hidden_units: 256
  num_heads: 8
  num_layers: 3
  max_len: 200
  dropout_rate: 0.1083567611518236
  random_mask_prob: 0.19499523759377774
  last_item_mask_ratio: 0.08698218549912068
training:
  lr: 0.00260526188835614
  weight_decay: 0.064694176153848
data:
  batch_size: 128
best_score: 0.1017843708395958
